/*--------------------------------*- C++ -*----------------------------------*\
| =========                 |                                                 |
| \\      /  F ield         | OpenFOAM: The Open Source CFD Toolbox           |
|  \\    /   O peration     | Version:  2.4.0                                 |
|   \\  /    A nd           | Web:      www.OpenFOAM.org                      |
|    \\/     M anipulation  |                                                 |
\*---------------------------------------------------------------------------*/
FoamFile
{
    version     2.0;
    format      ascii;
    class       faceSet;
    location    "constant/polyMesh/sets";
    object      nonOrthoFaces;
}
// * * * * * * * * * * * * * * * * * * * * * * * * * * * * * * * * * * * * * //


1470
(
659620 
659661 
2756830 
2756833 
2756836 
2756839 
659702 
2758034 
2758037 
2758040 
2758043 
2758046 
2760442 
2760445 
2760448 
2760451 
2760454 
2760457 
2760460 
2762850 
2762853 
2762856 
2762859 
2762862 
2762865 
2762868 
2762871 
2762874 
2762877 
2762880 
2762883 
2762886 
2762889 
2762936 
2762939 
2762942 
2762945 
5656318 
5656359 
5656400 
676070 
676111 
679595 
679636 
679677 
679718 
290918 
290921 
290924 
290927 
292122 
292125 
292128 
292131 
292134 
4356806 
4356847 
4356888 
294530 
294533 
294536 
294539 
294542 
294545 
294548 
296938 
296941 
296944 
296947 
296950 
296953 
296956 
296959 
296962 
296965 
296968 
296971 
296974 
296977 
297024 
297027 
297030 
297033 
5672768 
5672809 
3577726 
3577727 
3577729 
3577730 
3577732 
3577733 
3577735 
3577736 
3577738 
3577739 
3577742 
3577745 
3577748 
3577751 
3577754 
3577757 
3577760 
3577763 
3577766 
3577769 
3577772 
3577775 
3577778 
3577781 
3577784 
3577787 
3577790 
3577793 
3577796 
3577799 
3577802 
3577805 
3577808 
3577810 
3577813 
3577816 
3577819 
3577822 
3577825 
3577828 
3577831 
3577834 
3577837 
3577840 
3577843 
3577846 
3577849 
3577852 
3577855 
3577858 
3577861 
3577864 
3577867 
3577870 
3577873 
3577876 
3577879 
3577882 
3577885 
3577888 
3577891 
3577894 
3577896 
3577899 
3577902 
3577905 
3577908 
3577911 
3577914 
3577917 
3577920 
3577923 
3577926 
3577929 
3577932 
3577935 
3577938 
3577941 
3577944 
3577947 
3577985 
3577988 
3577991 
3577994 
3577997 
3578930 
3578933 
3578936 
3578939 
3578942 
3578945 
3578948 
3578951 
3578954 
3578957 
3578960 
3578963 
3578966 
3578969 
3578972 
3578975 
3578978 
3578981 
3578984 
3578987 
3578990 
3578993 
3578996 
3578999 
3579002 
3579005 
3579008 
3579011 
3579013 
3579016 
3579019 
3579022 
3579025 
3579028 
3579031 
3579034 
3579037 
3579040 
3579043 
3579046 
3579049 
3579052 
3579055 
3579058 
3579061 
3579064 
3579067 
3579070 
3579073 
3579076 
3579079 
3579082 
3579085 
3579088 
3579091 
3579094 
3579097 
3579099 
3579102 
3579105 
3579108 
3579111 
3579114 
3579117 
3579120 
3579123 
3579126 
3579129 
3579132 
3579135 
3579138 
5676293 
3579141 
3579144 
3579147 
3579150 
3579153 
3579156 
3579159 
3579162 
3579165 
3579168 
3579171 
3579174 
3579177 
3579180 
5676334 
3579183 
3579185 
3579188 
3579191 
3579194 
3579197 
3579200 
3579203 
3579206 
3579209 
3579212 
3579215 
3579218 
3579221 
5676375 
3579224 
3579227 
3579230 
3579233 
3579236 
3579239 
3579242 
3579245 
3579248 
5676416 
3579274 
3579277 
3579280 
3579283 
3579286 
3579289 
3579292 
3579295 
3579298 
5287616 
5287619 
5287622 
5287625 
5288820 
5288823 
5288826 
5288829 
5288832 
4373256 
4373297 
5291228 
5291231 
5291234 
5291237 
5291240 
5291243 
5291246 
6209675 
6209678 
6209681 
6209684 
6209687 
6209690 
6209693 
6209696 
6209698 
6209725 
6209728 
6209731 
6209734 
6209737 
6209740 
6209743 
6209746 
6209749 
6209752 
6209755 
6209758 
6209761 
6209764 
6209767 
6209770 
6209773 
6209776 
6209779 
6209782 
6209784 
6209787 
6209790 
6209793 
6209796 
6209799 
6209802 
6209805 
6209808 
6209811 
6209814 
6209817 
6209820 
6209823 
6209826 
6209829 
6209832 
6209835 
6209838 
6209841 
6209844 
6209847 
6209850 
6209853 
6209856 
6209859 
6209860 
6209862 
6209863 
6209865 
6209866 
6209868 
6209869 
6209870 
6209871 
6209873 
6209876 
6209879 
6209882 
6209885 
6209888 
6209891 
6209894 
6209897 
6209900 
6209903 
6209906 
6209909 
6209910 
6209912 
6209913 
6209915 
6209916 
6209918 
6209919 
6209921 
6209922 
6209924 
6209925 
6209927 
6209928 
6209930 
6209931 
6209933 
6209934 
6209936 
6209937 
6209939 
6209940 
6209942 
6209943 
6209945 
6209946 
6209948 
6209949 
6209951 
6209952 
6209954 
6209955 
6209956 
6209957 
6209959 
6209960 
6209962 
6209963 
6209965 
6209966 
6209968 
6209969 
6209971 
6209972 
6209974 
6209975 
6209977 
6209978 
6209980 
6209981 
6209983 
6209984 
6209986 
6209987 
6209989 
6209990 
6209992 
6209993 
6209995 
6209996 
6209998 
6209999 
6210001 
6210002 
6210004 
6210005 
6210007 
6210008 
6210010 
6210011 
6210013 
6210014 
6210016 
6210017 
6210019 
6210020 
6210022 
6210023 
6210025 
6210026 
6210028 
6210029 
6210031 
6210032 
6210034 
6210035 
6210037 
6210038 
6210040 
6210041 
6210042 
6210043 
6210045 
6210047 
6210049 
6210051 
6210053 
6210055 
6210057 
6210059 
6210061 
6210063 
6210065 
6210067 
6210069 
6210071 
6210073 
6210075 
6210077 
6210079 
6210081 
6210083 
6210085 
6210087 
6210089 
6210091 
6210093 
6210095 
6210097 
6210099 
6210100 
5293636 
5293639 
5293642 
5293645 
5293648 
5293651 
5293654 
5293657 
5293660 
5293663 
5293666 
5293669 
5293672 
5293675 
6211206 
6211209 
6211212 
6211215 
6211217 
5293722 
5293725 
5293728 
5293731 
4376781 
4376822 
4376863 
4376904 
3988104 
3988107 
3988110 
3988113 
3989308 
3989311 
3989314 
3989317 
3989320 
1894258 
1894299 
1894340 
3991716 
3991719 
3991722 
3991725 
3991728 
3991731 
3991734 
3994124 
3994127 
3994130 
3994133 
3994136 
3994139 
3994142 
3994145 
3994148 
3994151 
3994154 
3994157 
3994160 
3994163 
3994210 
3994213 
3994216 
3994219 
1113496 
1113497 
1113499 
1113500 
1113502 
1113503 
1113505 
1113506 
1113508 
1113509 
1113512 
1113515 
1113518 
1113521 
1113524 
1113527 
1113530 
1113533 
1113536 
1113539 
1113542 
1113545 
1113548 
1113551 
1113554 
1113557 
1113560 
1113563 
1113566 
1113569 
1113572 
1113575 
1113578 
1113580 
1113583 
1113586 
1113589 
1113592 
1113595 
1113598 
1113601 
1113604 
1113607 
1113610 
1113613 
1113616 
1113619 
1113622 
1113625 
1113628 
1113631 
1113634 
1113637 
1113640 
1113643 
1113646 
1113649 
1113652 
1113655 
1113658 
1113661 
1113664 
1113666 
1113669 
1113672 
1113675 
1113678 
1113681 
1113684 
1113687 
1113690 
1113693 
1113696 
1113699 
1113702 
1113705 
1113708 
1113711 
1113714 
1113717 
1113755 
1113758 
1113761 
1113764 
1113767 
1114700 
1114703 
1114706 
1114709 
1114712 
1114715 
1114718 
1114721 
1114724 
1114727 
1114730 
1114733 
1114736 
1114739 
1114742 
1114745 
1114748 
1114751 
1114754 
1114757 
1114760 
1114763 
1114766 
1114769 
1114772 
1114775 
1114778 
1114781 
1114783 
1114786 
1114789 
1114792 
1114795 
1114798 
1114801 
1114804 
1114807 
1114810 
1114813 
1114816 
1114819 
1114822 
1114825 
1114828 
1114831 
1114834 
1114837 
1114840 
1114843 
1114846 
1114849 
1114852 
1114855 
1114858 
1114861 
1114864 
1114867 
1114869 
1114872 
1114875 
1114878 
1114881 
1114884 
1114887 
1114890 
1114893 
1114896 
1114899 
1114902 
1114905 
1114908 
1114911 
1114914 
1114917 
1114920 
1114923 
1114926 
1114929 
1114932 
1114935 
1114938 
1114941 
1114944 
1114947 
1114950 
1114953 
1114955 
1114958 
1114961 
1114964 
1114967 
1114970 
1114973 
1114976 
1114979 
1114982 
1114985 
1114988 
1114991 
1114994 
1114997 
1115000 
1115003 
1115006 
1115009 
1115012 
1115015 
1115018 
1115044 
1115047 
1115050 
1115053 
1115056 
1115059 
1115062 
1115065 
1115068 
1910708 
1910749 
6108512 
6108513 
6108515 
6108516 
6108518 
6108519 
6108521 
6108522 
6108524 
6108525 
6108528 
6108531 
6108534 
6108537 
1914233 
6108540 
6108543 
6108546 
6108549 
6108552 
7026057 
6108555 
7026060 
6108558 
7026063 
7026065 
6108561 
6108564 
6108567 
6108570 
6108573 
6108576 
1914274 
6108579 
6108582 
6108585 
6108588 
6108591 
6108594 
6108596 
6108599 
6108602 
6108605 
6108608 
7026113 
6108611 
7026116 
6108614 
7026119 
6108617 
7026122 
1914315 
6108620 
7026125 
6108623 
7026128 
6108626 
7026131 
6108629 
7026134 
6108632 
7026137 
6108635 
7026140 
6108638 
7026143 
6108641 
7026146 
6108644 
7026149 
7026151 
6108647 
6108650 
6108653 
6108656 
6108659 
1914356 
6108662 
6108665 
6108668 
6108671 
6108674 
6108677 
6108680 
6108682 
6108685 
6108688 
6108691 
6108694 
6108697 
6108700 
6108703 
6108706 
6108709 
6108712 
6108715 
6108718 
6108721 
6108724 
6108727 
6108730 
6108733 
6108771 
6108774 
6108777 
6108780 
6108783 
6109716 
6109719 
6109722 
6109725 
6109728 
6109731 
6109734 
6109737 
6109740 
6109743 
6109746 
6109749 
6109752 
6109755 
6109758 
6109761 
6109764 
6109767 
6109770 
6109773 
6109776 
6109779 
6109782 
6109785 
6109788 
6109791 
6109794 
6109797 
6109799 
6109802 
6109805 
6109808 
6109811 
6109814 
6109817 
6109820 
6109823 
6109826 
6109829 
6109832 
6109835 
6109838 
6109841 
6109844 
6109847 
6109850 
6109853 
6109856 
6109859 
6109862 
6109865 
6109868 
6109871 
6109874 
6109877 
6109880 
6109883 
6109885 
6109888 
6109891 
6109894 
6109897 
6109900 
6109903 
6109906 
6109909 
6109912 
6109915 
6109918 
6109921 
6109924 
6109927 
6109930 
6109933 
6109936 
6109939 
6109942 
6109945 
6109948 
6109951 
6109954 
6109957 
6109960 
6109963 
6109966 
6109969 
6109971 
6109974 
6109977 
6109980 
6109983 
6109986 
6109989 
6109992 
6109995 
6109998 
6110001 
6110004 
6110007 
6110010 
6110013 
6110016 
6110019 
6110022 
6110025 
6110028 
6110031 
6110034 
6110060 
6110063 
6110066 
6110069 
6110072 
6110075 
6110078 
6110081 
6110084 
7028484 
7028487 
7028490 
7028493 
7028496 
7028499 
7028501 
1525556 
1525559 
1525562 
1525565 
7030840 
7030843 
7030846 
7030849 
7030851 
1526760 
1526763 
1526766 
1526769 
1526772 
7032018 
7032021 
7032024 
7032026 
1529168 
1529171 
1529174 
1529177 
1529180 
1529183 
1529186 
1531576 
1531579 
1531582 
1531585 
1531588 
1531591 
1531594 
1531597 
1531600 
1531603 
1531606 
1531609 
1531612 
1531615 
1531662 
1531665 
1531668 
1531671 
4809000 
4809001 
4809003 
4809004 
4809006 
4809007 
4809009 
4809010 
4809012 
4809013 
4809016 
4809019 
4809022 
4809025 
4809028 
4809031 
4809034 
4809037 
4809040 
4809043 
4809046 
4809049 
4809052 
4809055 
4809058 
4809061 
4809064 
4809067 
4809070 
4809073 
4809076 
4809079 
4809082 
4809084 
4809087 
4809090 
4809093 
4809096 
4809099 
4809102 
4809105 
4809108 
4809111 
4809114 
4809117 
4809120 
4809123 
4809126 
4809129 
4809132 
4809135 
4809138 
4809141 
4809144 
4809147 
4809150 
4809153 
4809156 
4809159 
4809162 
4809165 
4809168 
4809170 
4809173 
4809176 
4809179 
4809182 
4809185 
4809188 
4809191 
4809194 
4809197 
4809200 
4809203 
4809206 
4809209 
4809212 
4809215 
4809218 
4809221 
4809259 
4809262 
4809265 
4809268 
4809271 
4810204 
4810207 
4810210 
4810213 
4810216 
4810219 
4810222 
4810225 
4810228 
4810231 
4810234 
4810237 
4810240 
4810243 
4810246 
4810249 
4810252 
4810255 
4810258 
4810261 
4810264 
4810267 
4810270 
4810273 
4810276 
4810279 
4810282 
4810285 
4810287 
4810290 
4810293 
4810296 
4810299 
4810302 
4810305 
4810308 
4810311 
4810314 
4810317 
4810320 
4810323 
4810326 
4810329 
4810332 
4810335 
4810338 
4810341 
4810344 
4810347 
4810350 
4810353 
4810356 
4810359 
4810362 
4810365 
4810368 
4810371 
4810373 
4810376 
4810379 
4810382 
4810385 
4810388 
4810391 
4810394 
4810397 
4810400 
4810403 
4810406 
4810409 
4810412 
4810415 
4810418 
4810421 
4810424 
4810427 
4810430 
4810433 
4810436 
4810439 
4810442 
4810445 
4810448 
4810451 
4810454 
6645465 
4810457 
4810459 
4810462 
4810465 
4810468 
4810471 
4810474 
4810477 
4810480 
4810483 
4810486 
4810489 
4810492 
4810495 
4810498 
6645507 
4810501 
4810504 
4810507 
4810510 
4810513 
4810516 
4810519 
4810522 
6645549 
4810548 
4810551 
4810554 
4810557 
4810560 
4810563 
4810566 
4810569 
6645579 
4810572 
6649161 
6649191 
3125532 
3125573 
3125614 
6665975 
6666017 
6666047 
2346452 
2346453 
2346455 
2346456 
2346458 
2346459 
2346461 
2346462 
2346464 
2346465 
2346468 
2346471 
2346474 
2346477 
2346480 
2346483 
2346486 
2346489 
2346492 
2346495 
2346498 
2346501 
2346504 
2346507 
2346510 
2346513 
2346516 
2346519 
2346522 
2346525 
2346528 
2346531 
2346534 
2346536 
2346539 
2346542 
2346545 
2346548 
2346551 
2346554 
2346557 
2346560 
2346563 
2346566 
2346569 
2346572 
2346575 
2346578 
2346581 
2346584 
2346587 
2346590 
2346593 
2346596 
2346599 
2346602 
2346605 
2346608 
2346611 
2346614 
2346617 
2346620 
2346622 
2346625 
2346628 
2346631 
2346634 
2346637 
2346640 
2346643 
2346646 
2346649 
2346652 
2346655 
2346658 
2346661 
2346664 
2346667 
2346670 
2346673 
2346711 
2346714 
2346717 
2346720 
2346723 
2347656 
2347659 
2347662 
2347665 
2347668 
2347671 
2347674 
2347677 
2347680 
2347683 
2347686 
2347689 
2347692 
2347695 
2347698 
2347701 
2347704 
2347707 
2347710 
2347713 
2347716 
2347719 
2347722 
2347725 
2347728 
2347731 
2347734 
2347737 
2347739 
2347742 
2347745 
2347748 
2347751 
2347754 
2347757 
2347760 
2347763 
2347766 
2347769 
2347772 
2347775 
2347778 
2347781 
2347784 
2347787 
2347790 
2347793 
2347796 
2347799 
2347802 
2347805 
2347808 
2347811 
2347814 
2347817 
2347820 
2347823 
2347825 
2347828 
2347831 
2347834 
2347837 
2347840 
2347843 
2347846 
2347849 
2347852 
2347855 
2347858 
2347861 
2347864 
2347867 
2347870 
2347873 
2347876 
2347879 
2347882 
2347885 
2347888 
2347891 
2347894 
2347897 
2347900 
2347903 
2347906 
2347909 
2347911 
2347914 
2347917 
2347920 
2347923 
2347926 
2347929 
2347932 
2347935 
2347938 
2347941 
2347944 
2347947 
2347950 
2347953 
2347956 
2347959 
2347962 
2347965 
2347968 
2347971 
2347974 
2348000 
2348003 
2348006 
2348009 
2348012 
2348015 
2348018 
2348021 
2348024 
3141982 
3142023 
3145507 
3145548 
3145589 
3145630 
)

// ************************************************************************* //
